# Blender 4.1.1
# www.blender.org
mtllib cloud.mtl
o Cube.005
v -0.542563 0.171664 0.541346
v -0.498340 -0.460340 -0.464138
v -1.111382 -0.707649 1.069027
v -1.067159 -1.339653 0.063542
v -1.654786 0.672774 0.177452
v -1.610563 0.040770 -0.828033
v -2.223605 -0.206539 0.705132
v -2.179381 -0.838543 -0.300352
vn -0.0372 0.5318 0.8461
vn -0.4851 -0.7498 0.4500
vn -0.8737 0.3936 -0.2859
vn 0.0372 -0.5318 -0.8461
vn 0.8737 -0.3936 0.2859
vn 0.4851 0.7498 -0.4500
vt 0.625000 0.500000
vt 0.875000 0.500000
vt 0.875000 0.750000
vt 0.625000 0.750000
vt 0.375000 0.750000
vt 0.625000 1.000000
vt 0.375000 1.000000
vt 0.375000 0.000000
vt 0.625000 0.000000
vt 0.625000 0.250000
vt 0.375000 0.250000
vt 0.125000 0.500000
vt 0.375000 0.500000
vt 0.125000 0.750000
s 0
usemtl cloud.001
f 1/1/1 5/2/1 7/3/1 3/4/1
f 4/5/2 3/4/2 7/6/2 8/7/2
f 8/8/3 7/9/3 5/10/3 6/11/3
f 6/12/4 2/13/4 4/5/4 8/14/4
f 2/13/5 1/1/5 3/4/5 4/5/5
f 6/11/6 5/10/6 1/1/6 2/13/6
o Cube.007
v -0.346623 0.877067 1.016577
v -0.389816 0.072682 0.338535
v -1.089281 0.406591 1.622029
v -1.132475 -0.397794 0.943987
v -1.096222 1.369694 0.479908
v -1.139415 0.565309 -0.198134
v -1.838881 0.899218 1.085360
v -1.882074 0.094833 0.407317
vn 0.0410 0.7640 0.6440
vn -0.6957 -0.4407 0.5672
vn -0.7171 0.4713 -0.5134
vn -0.0410 -0.7640 -0.6440
vn 0.7171 -0.4713 0.5134
vn 0.6957 0.4407 -0.5672
vt 0.625000 0.500000
vt 0.875000 0.500000
vt 0.875000 0.750000
vt 0.625000 0.750000
vt 0.375000 0.750000
vt 0.625000 1.000000
vt 0.375000 1.000000
vt 0.375000 0.000000
vt 0.625000 0.000000
vt 0.625000 0.250000
vt 0.375000 0.250000
vt 0.125000 0.500000
vt 0.375000 0.500000
vt 0.125000 0.750000
s 0
usemtl cloud.001
f 9/15/7 13/16/7 15/17/7 11/18/7
f 12/19/8 11/18/8 15/20/8 16/21/8
f 16/22/9 15/23/9 13/24/9 14/25/9
f 14/26/10 10/27/10 12/19/10 16/28/10
f 10/27/11 9/15/11 11/18/11 12/19/11
f 14/25/12 13/24/12 9/15/12 10/27/12
o Cube.008
v 2.328401 0.212924 0.525448
v 1.692916 0.202076 1.669353
v 1.469435 1.108794 0.056753
v 0.833949 1.097946 1.200658
v 1.565370 -0.745200 0.092467
v 0.929884 -0.756048 1.236372
v 0.706403 0.150671 -0.376228
v 0.070918 0.139823 0.767677
vn 0.4856 0.0083 -0.8741
vn -0.6475 0.6753 -0.3533
vn -0.5873 -0.7375 -0.3333
vn -0.4856 -0.0083 0.8741
vn 0.5873 0.7375 0.3333
vn 0.6475 -0.6753 0.3533
vt 0.625000 0.500000
vt 0.875000 0.500000
vt 0.875000 0.750000
vt 0.625000 0.750000
vt 0.375000 0.750000
vt 0.625000 1.000000
vt 0.375000 1.000000
vt 0.375000 0.000000
vt 0.625000 0.000000
vt 0.625000 0.250000
vt 0.375000 0.250000
vt 0.125000 0.500000
vt 0.375000 0.500000
vt 0.125000 0.750000
s 0
usemtl cloud.001
f 17/29/13 21/30/13 23/31/13 19/32/13
f 20/33/14 19/32/14 23/34/14 24/35/14
f 24/36/15 23/37/15 21/38/15 22/39/15
f 22/40/16 18/41/16 20/33/16 24/42/16
f 18/41/17 17/29/17 19/32/17 20/33/17
f 22/39/18 21/38/18 17/29/18 18/41/18
o Cube.009
v 1.036592 1.258445 0.137005
v 1.036592 -0.419610 -0.951174
v 1.036592 0.170266 1.815060
v 1.036592 -1.507789 0.726881
v -0.963408 1.258445 0.137005
v -0.963408 -0.419610 -0.951174
v -0.963408 0.170266 1.815060
v -0.963408 -1.507789 0.726881
vn -0.0000 0.8390 0.5441
vn -0.0000 -0.5441 0.8390
vn -1.0000 -0.0000 -0.0000
vn -0.0000 -0.8390 -0.5441
vn 1.0000 -0.0000 -0.0000
vn -0.0000 0.5441 -0.8390
vt 0.625000 0.500000
vt 0.875000 0.500000
vt 0.875000 0.750000
vt 0.625000 0.750000
vt 0.375000 0.750000
vt 0.625000 1.000000
vt 0.375000 1.000000
vt 0.375000 0.000000
vt 0.625000 0.000000
vt 0.625000 0.250000
vt 0.375000 0.250000
vt 0.125000 0.500000
vt 0.375000 0.500000
vt 0.125000 0.750000
s 0
usemtl cloud.001
f 25/43/19 29/44/19 31/45/19 27/46/19
f 28/47/20 27/46/20 31/48/20 32/49/20
f 32/50/21 31/51/21 29/52/21 30/53/21
f 30/54/22 26/55/22 28/47/22 32/56/22
f 26/55/23 25/43/23 27/46/23 28/47/23
f 30/53/24 29/52/24 25/43/24 26/55/24
